function [pop,age] = italianpop
%%%%%%%%%%%%%%%%%%%%%%%%%%%%%%%%%%%%%%%%%%%%%%%%%%%%%%%%%%%%%%%%%%%%%%%%%%%%%%%%%%%%%%%%%%%%%
% Population data%
% Italian population by age at Jan 1 2021 (source: ISTAT)
% ISTAT-Istituto Nazionale di Statistica, Resident population on 1st January 2021 by age,
% http://dati.istat.it/Index.aspx
%%%%%%%%%%%%%%%%%%%%%%%%%%%%%%%%%%%%%%%%%%%%%%%%%%%%%%%%%%%%%%%%%%%%%%%%%%%%%%%%%%%%%%%%%%%%%
age=[0:100]';

pop=[414974
436785
457314
471696
483769
499144
507291
529473
537902
554146
562764
569337
568025
569063
565871
572210
568006
565389
574707
590744
587458
593017
590999
592782
591632
598620
610326
636742
635013
647793
646752
661651
649095
652402
672541
685014
696978
720776
725693
743730
766871
807492
833206
869464
910431
947191
941384
950417
959708
951065
976325
968981
972528
980815
978055
990171
927825
895469
876379
847647
825539
787331
777491
759731
743258
729584
693488
679502
673956
694484
694140
718819
696577
689079
525745
533883
530624
518346
511316
549844
526084
493871
439070
392934
379577
344257
308797
273406
245503
224661
178020
148233
121373
95283
73451
55649
41447
29302
20560
13421
14804];
end

